# DESCRIPTION: Verilator output: Timestamp data for --skip-identical.  Delete at will.
C "--binary --timing --trace --build -f ./../TopModule/flist.f -I./../TopModule -Wno-fatal -Wno-lint -Wno-style -Wno-width --Mdir ./../TopModule/Verilator/obj_dir --trace --o Vtb_FPU_unit"
S      2143 32088147345343804  1763391044   443124700  1763391044   443124700 "../TopModule/../../02_rlt/CLA_24bit.sv"
S      2491 37999121856267862  1763391044   443124700  1763391044   443124700 "../TopModule/../../02_rlt/CLA_28bit.sv"
S       856 25332747904288352  1763391044   450078800  1763391044   450078800 "../TopModule/../../02_rlt/CLA_4bit.sv"
S       885 20829148276917904  1763391044   450078800  1763391044   450078800 "../TopModule/../../02_rlt/CLA_8bit.sv"
S      7101 21673573207049881  1763401292   366429300  1763401292   366429300 "../TopModule/../../02_rlt/COMP_28bit.sv"
S       557 36591746972714706  1763391044   450078800  1763391044   450078800 "../TopModule/../../02_rlt/COMP_2bit.sv"
S      2841 18858823439943394  1763391044   450078800  1763391044   450078800 "../TopModule/../../02_rlt/COMP_4bit.sv"
S       683 17732923533100817  1763391044   450078800  1763391044   450078800 "../TopModule/../../02_rlt/COMP_8bit.sv"
S      5347 9851624185229573  1763402387   919192600  1763402387   919192600 "../TopModule/../../02_rlt/CSKA_28bit.sv"
S       805 11540474045493476  1763401902   946006500  1763401902   946006500 "../TopModule/../../02_rlt/CSKA_4bit.sv"
S      1285 9570149208491821  1763391044   450078800  1763391044   450078800 "../TopModule/../../02_rlt/EXP_adjust.sv"
S       577 15481123719415636  1763391044   450078800  1763391044   450078800 "../TopModule/../../02_rlt/EXP_rounding.sv"
S       452 15762598696126306  1763391044   450078800  1763391044   450078800 "../TopModule/../../02_rlt/EXP_sub.sv"
S       715 17732923533101005  1763395485   391725700  1763395485   391725700 "../TopModule/../../02_rlt/EXP_swap.sv"
S      8710 24206847997446096  1763391044   454129200  1763391044   454129200 "../TopModule/../../02_rlt/FPU_unit.sv"
S      1451 14918173765994449  1763436947   704107900  1763436947   704107900 "../TopModule/../../02_rlt/LOPD_16bit.sv"
S      1522 19703248370075608  1763391044   454129200  1763391044   454129200 "../TopModule/../../02_rlt/LOPD_24bit.sv"
S       798 22517998137182170  1763391044   454129200  1763391044   454129200 "../TopModule/../../02_rlt/LOPD_4bit.sv"
S      2236 14355223812573198  1763437755   618899700  1763437755   618899700 "../TopModule/../../02_rlt/LOPD_8bit.sv"
S      1091 31525197391923222  1763456557   480741300  1763456557   480741300 "../TopModule/../../02_rlt/MAN_ALU.sv"
S      1022 14918173765994523  1763391044   454129200  1763391044   454129200 "../TopModule/../../02_rlt/MAN_swap.sv"
S       809 21110623253628957  1763391044   454129200  1763391044   454129200 "../TopModule/../../02_rlt/NORMALIZATION_unit.sv"
S      2649 66146619527333935  1763391044   457029300  1763391044   457029300 "../TopModule/../../02_rlt/PSC_unit.sv"
S      1731 25051272927578222  1763391044   457029300  1763391044   457029300 "../TopModule/../../02_rlt/RND_add.sv"
S      1235 38562071809689741  1763391044   457029300  1763391044   457029300 "../TopModule/../../02_rlt/ROUNDING_unit.sv"
S       783 10414574138624146  1763391044   457029300  1763391044   457029300 "../TopModule/../../02_rlt/SHF_left_28bit.sv"
S       782 20266198323497107  1763391044   457029300  1763391044   457029300 "../TopModule/../../02_rlt/SHF_right_28bit.sv"
S       408 75435293758785702  1763391044   457029300  1763391044   457029300 "../TopModule/../../02_rlt/SIGN_unit.sv"
S       940 4503599629037264  1763391046   387518600  1763391046   387518600 "../TopModule/single_port_rom.sv"
S     10452 6473924466011870  1763456378   318643800  1763456378   318643800 "../TopModule/tb_FPU_unit.sv"
T      6279 27021597764313174  1763456609   507827700  1763456609   507827700 "./../TopModule/Verilator/obj_dir/Vtb_FPU_unit.cpp"
T      3935 32088147345104927  1763456609   505822200  1763456609   505822200 "./../TopModule/Verilator/obj_dir/Vtb_FPU_unit.h"
T      1776 27584547718005182  1763456609   622932900  1763456609   622932900 "./../TopModule/Verilator/obj_dir/Vtb_FPU_unit.mk"
T       894 16325548649308155  1763456609   503815900  1763456609   503815900 "./../TopModule/Verilator/obj_dir/Vtb_FPU_unit__ConstPool_0.cpp"
T      1574 18577348462993045  1763456609   498967400  1763456609   498967400 "./../TopModule/Verilator/obj_dir/Vtb_FPU_unit__Syms.cpp"
T      1489 35184372088921971  1763456609   501675300  1763456609   501675300 "./../TopModule/Verilator/obj_dir/Vtb_FPU_unit__Syms.h"
T       314 16044073672868281  1763456609   610876400  1763456609   610876400 "./../TopModule/Verilator/obj_dir/Vtb_FPU_unit__TraceDecls__0__Slow.cpp"
T    143897 12947848929051067  1763456609   614900100  1763456609   614900100 "./../TopModule/Verilator/obj_dir/Vtb_FPU_unit__Trace__0.cpp"
T    257687 14355223812604343  1763456609   608354100  1763456609   608354100 "./../TopModule/Verilator/obj_dir/Vtb_FPU_unit__Trace__0__Slow.cpp"
T     46205 70087269201047240  1763456609   512760900  1763456609   512760900 "./../TopModule/Verilator/obj_dir/Vtb_FPU_unit___024root.h"
T    983089 65302194596967475  1763456609   563063200  1763456609   563063200 "./../TopModule/Verilator/obj_dir/Vtb_FPU_unit___024root__DepSet_h69e43522__0.cpp"
T    270644 34058472182084283  1763456609   532221900  1763456609   532221900 "./../TopModule/Verilator/obj_dir/Vtb_FPU_unit___024root__DepSet_h69e43522__0__Slow.cpp"
T    966703 20829148276683911  1763456609   572754800  1763456609   572754800 "./../TopModule/Verilator/obj_dir/Vtb_FPU_unit___024root__DepSet_h69e43522__1.cpp"
T    650504 76842668642159864  1763456609   593330100  1763456609   593330100 "./../TopModule/Verilator/obj_dir/Vtb_FPU_unit___024root__DepSet_h69e43522__2.cpp"
T    266357 46724846134298181  1763456609   593330100  1763456609   593330100 "./../TopModule/Verilator/obj_dir/Vtb_FPU_unit___024root__DepSet_h69e43522__3.cpp"
T     52403 48695170971038666  1763456609   542395800  1763456609   542395800 "./../TopModule/Verilator/obj_dir/Vtb_FPU_unit___024root__DepSet_h70cef955__0.cpp"
T     37350 25051272927343191  1763456609   521943000  1763456609   521943000 "./../TopModule/Verilator/obj_dir/Vtb_FPU_unit___024root__DepSet_h70cef955__0__Slow.cpp"
T       759 28428972647870200  1763456609   512760900  1763456609   512760900 "./../TopModule/Verilator/obj_dir/Vtb_FPU_unit___024root__Slow.cpp"
T      1015 17451448556421564  1763456609   616909000  1763456609   616909000 "./../TopModule/Verilator/obj_dir/Vtb_FPU_unit__main.cpp"
T       724 70650219154465049  1763456609   512760900  1763456609   512760900 "./../TopModule/Verilator/obj_dir/Vtb_FPU_unit__pch.h"
T      2730 8725724278391231  1763456609   622932900  1763456609   622932900 "./../TopModule/Verilator/obj_dir/Vtb_FPU_unit__ver.d"
T         0        0  1763456609   622932900  1763456609   622932900 "./../TopModule/Verilator/obj_dir/Vtb_FPU_unit__verFiles.dat"
T      2011 10696049115365821  1763456609   620925700  1763456609   620925700 "./../TopModule/Verilator/obj_dir/Vtb_FPU_unit_classes.mk"
S      1082 10133099161942596  1763456603   371684500  1763456603   371684500 "./../TopModule/flist.f"
S  10993608    66805  1752766682   840620067  1705136080           0 "/usr/bin/verilator_bin"
S      4942    66971  1752766682   866286693  1705136080           0 "/usr/share/verilator/include/verilated_std.sv"
